100
2 4
10 5
3 12
7 7 7
3 12
4 2 1
5 1000000000
25 25 25 25 25
2 2
1 1
5 5
1 1 1 1 1
5 448257424
1 2 3 4 5
5 915742169
18 7 21 11 25
5 101270880
13 13 13 13 13
5 678314197
21 21 21 21 21
5 982464788
13 13 13 13 13
5 293007305
17 17 17 17 17
5 199230204
5 5 5 5 5
5 327766393
17 17 17 17 17
5 378378715
14 14 14 14 14
5 729870007
12 12 12 12 12
5 363603022
15 15 15 15 15
5 803319268
24 24 24 24 24
5 228048096
9 9 9 9 9
5 936572131
2 2 2 2 2
5 952728354
15 15 15 15 15
5 297048728
1 1 1 1 1
5 890819819
24 24 24 24 24
5 243495931
4 4 4 4 4
5 587144086
7 7 7 7 7
5 483570157
22 22 22 22 22
5 581737828
21 21 21 21 21
5 536102484
3 3 3 3 3
5 35416817
10 10 10 10 10
5 171103427
9 9 9 9 9
5 777835838
20 20 20 20 20
5 639814025
15 15 15 15 15
5 666519250
1 1 1 1 1
5 348088171
1 2 3 4 5
5 760010074
1 2 3 4 5
5 918041734
1 2 3 4 5
5 353617793
1 2 3 4 5
5 49834199
1 2 3 4 5
5 319568893
1 2 3 4 5
5 788209127
1 2 3 4 5
5 796703983
1 2 3 4 5
5 165698527
1 2 3 4 5
5 629059996
1 2 3 4 5
5 112348357
1 2 3 4 5
5 819897855
1 2 3 4 5
5 481227699
1 2 3 4 5
5 903138790
1 2 3 4 5
5 220993021
1 2 3 4 5
5 472277574
1 2 3 4 5
5 254581128
1 2 3 4 5
5 650701260
1 2 3 4 5
5 21066448
1 2 3 4 5
5 742055152
1 2 3 4 5
5 422803388
1 2 3 4 5
5 325646916
1 2 3 4 5
5 42907385
1 2 3 4 5
5 917533639
1 2 3 4 5
5 917176073
1 2 3 4 5
5 126609218
22 19 18 7 5
5 723220243
3 25 2 2 13
5 845114141
15 10 19 3 22
5 907406869
8 9 9 4 16
5 709323562
25 1 25 14 2
5 374411685
12 1 3 18 10
5 59403385
16 3 1 17 11
5 197214019
7 23 11 24 15
5 903821527
14 12 22 25 10
5 509267618
21 5 14 20 17
5 27822778
4 21 5 21 12
5 488702910
14 21 4 4 4
5 451880369
19 6 3 2 20
5 927227624
4 17 8 11 11
5 327112570
19 11 2 22 20
5 319567324
7 11 1 5 6
5 986239083
5 10 12 9 8
5 168307224
20 12 12 11 6
5 222293785
1 6 5 23 18
5 14002873
14 1 15 23 19
5 889224431
22 18 22 6 23
5 337098150
18 8 24 11 1
5 1158778
12 13 14 12 17
5 233687055
2 16 18 17 12
5 481345355
6 22 5 22 11
5 313296961
5 24 4 25 13
5 832215526
10 19 18 15 16
5 192781209
17 14 8 21 25
5 366313957
5 17 4 23 10
5 424286472
2 9 15 24 23
5 768375208
7 18 3 1 3
5 358613679
23 23 6 18 21
5 108417796
8 15 24 25 11
5 667351127
4 4 2 9 21
5 932309183
8 15 11 14 20
5 393829139
4 18 6 3 16
5 150076613
6 16 3 4 5
5 779819248
8 21 3 24 18
5 329235927
18 25 19 3 25
5 627888373
13 14 16 23 17
5 137401119
1 17 4 19 8
5 635486119
14 21 20 11 1
