1000
0 55 55
69 96 28
55 94 27
21 60 67
54 69 77
55 82 21
35 97 48
78 92 39
98 4 46
52 44 12
51 16 83
4 99 34
54 99 95
24 100 35
7 21 17
55 48 15
75 71 84
17 89 70
95 29 87
85 71 33
73 41 26
67 45 84
1 28 70
51 22 21
51 82 15
53 48 96
84 18 41
24 60 67
100 74 54
21 53 4
82 79 96
58 16 65
23 21 97
62 17 11
73 5 80
19 67 40
34 98 65
87 63 13
0 30 70
14 36 81
28 1 34
6 68 91
68 45 5
6 26 84
72 98 89
82 24 95
79 12 10
18 66 28
51 61 95
49 2 81
60 38 13
7 34 65
71 83 38
73 94 45
37 33 85
3 31 48
82 55 91
85 73 67
16 86 46
94 7 87
95 88 7
3 38 18
6 56 93
34 26 6
43 58 83
68 23 92
79 29 41
78 31 43
27 69 53
74 86 76
56 43 8
71 52 15
8 2 87
38 73 58
37 73 10
64 25 83
98 57 37
75 52 73
44 27 57
31 57 62
38 42 11
67 5 11
65 42 19
47 25 9
75 2 67
17 37 79
100 91 18
93 73 82
44 88 41
65 83 43
66 19 66
82 47 30
44 33 42
90 16 86
91 2 82
17 63 22
87 20 40
19 7 99
67 58 20
99 70 27
29 21 13
7 78 53
82 93 96
91 47 20
23 76 96
34 38 11
91 59 33
28 12 87
45 83 96
65 69 32
51 34 61
79 88 11
67 45 63
30 74 67
61 53 3
94 54 91
100 89 96
52 36 12
72 68 30
91 9 77
70 35 42
93 54 6
3 40 45
51 66 33
52 10 20
84 93 54
56 92 59
20 46 63
91 35 47
12 7 78
74 29 63
47 52 75
39 62 100
12 83 57
42 4 54
61 12 61
30 17 52
31 40 41
61 11 97
6 27 73
96 46 9
49 35 2
48 100 7
19 32 19
33 35 34
59 8 29
74 83 52
31 9 91
54 72 3
98 80 87
75 46 17
73 35 23
78 21 43
23 3 100
61 38 36
68 23 60
97 14 17
2 21 41
86 23 47
23 65 87
53 97 9
48 16 37
33 44 96
60 83 20
34 92 69
41 35 64
67 60 99
31 15 100
6 23 99
18 95 60
6 10 20
33 18 17
31 9 97
77 46 98
58 12 24
52 91 16
38 91 22
13 42 34
66 43 12
60 24 94
28 46 55
18 56 55
74 86 67
1 73 59
100 98 41
39 68 89
78 3 72
99 60 89
70 67 75
0 42 24
84 98 55
88 27 3
19 8 1
69 39 59
72 45 65
19 78 93
79 6 30
84 5 4
96 23 25
0 20 21
38 18 100
93 62 100
28 89 30
38 18 74
61 88 67
77 31 9
45 24 7
50 22 62
43 24 79
10 22 55
37 29 63
80 33 25
88 55 34
19 53 6
78 53 78
57 28 81
27 61 19
84 70 75
65 70 12
30 9 85
27 63 72
94 30 1
0 2 42
40 29 7
15 14 85
88 93 40
13 62 69
51 65 58
17 6 40
52 27 3
96 95 29
31 9 89
19 54 59
7 33 36
7 38 80
73 66 59
100 18 7
34 67 6
84 71 12
12 85 59
68 82 88
21 94 36
84 79 48
77 88 1
51 72 5
79 69 11
98 83 39
83 25 47
51 9 46
26 57 61
2 100 54
52 37 89
48 39 20
74 76 22
71 35 27
1 42 57
58 36 22
75 97 59
43 30 26
62 46 1
16 79 40
56 44 57
65 19 26
74 27 60
26 92 27
26 7 46
36 4 21
44 35 57
6 90 18
79 13 6
76 86 17
53 80 34
38 96 19
21 57 20
84 58 8
5 92 68
74 3 72
53 52 65
55 12 25
22 28 37
73 79 96
1 87 21
24 98 37
1 95 53
19 80 12
28 95 98
16 48 34
97 70 4
62 48 83
70 15 34
49 48 55
100 45 18
1 90 31
0 92 67
11 83 30
97 10 91
23 89 93
61 9 64
76 58 19
67 94 53
81 4 75
99 26 64
19 23 85
13 15 91
17 81 100
6 53 79
25 68 86
43 89 76
74 35 78
69 77 100
7 55 85
72 96 80
63 18 95
100 54 94
31 30 58
84 53 47
78 22 46
46 100 80
79 46 84
99 58 92
75 31 59
85 93 63
17 73 94
57 26 71
7 13 96
88 56 9
51 32 31
91 25 16
84 1 80
29 81 85
70 25 2
55 80 45
8 47 90
97 88 98
31 3 8
59 19 85
3 19 75
43 97 35
96 74 56
48 52 2
14 65 87
17 26 74
54 93 10
47 12 95
18 57 73
42 63 85
32 71 93
32 74 85
13 9 61
12 65 66
55 32 37
93 85 66
8 92 17
86 25 64
86 7 52
61 85 22
20 60 75
84 90 42
12 72 83
49 86 5
5 20 37
24 89 95
61 95 87
0 65 91
95 95 17
89 48 41
76 77 73
7 72 10
66 96 69
35 55 63
5 47 9
100 6 94
88 98 54
0 15 62
81 13 32
52 33 14
35 16 42
5 97 10
59 75 48
1 55 20
79 100 64
16 46 80
62 87 92
4 87 25
55 37 9
97 48 53
6 45 79
100 6 31
36 65 62
17 53 33
47 68 48
70 29 55
46 4 73
84 95 42
32 14 83
99 99 99
36 98 27
2 42 20
36 60 91
93 6 84
35 35 60
19 59 93
68 47 78
38 13 25
19 71 93
1 22 6
52 71 98
46 13 17
14 46 40
24 64 84
15 29 66
61 87 41
7 25 48
96 46 59
90 63 36
3 53 40
45 58 33
90 69 64
30 64 56
3 75 98
81 38 43
31 43 35
7 55 65
20 11 46
95 92 84
33 6 28
70 70 72
56 56 52
65 18 82
52 29 5
16 93 89
92 4 28
50 82 26
74 35 91
90 37 82
52 79 95
13 99 9
19 77 72
17 55 29
93 61 47
25 69 7
10 67 92
2 35 88
46 38 10
91 61 19
5 100 52
60 29 94
98 39 27
57 59 38
86 14 22
89 42 1
6 97 77
44 26 6
46 69 58
100 37 76
37 62 67
72 82 11
73 44 1
0 33 60
69 91 72
99 92 73
72 83 63
22 14 70
66 96 69
20 56 46
23 79 47
57 87 8
29 94 95
100 55 38
57 64 92
93 79 38
1 69 27
82 20 52
59 89 41
45 70 62
57 85 91
67 48 15
38 68 94
94 30 5
40 79 88
66 69 9
20 14 88
59 22 76
30 29 57
34 9 32
37 21 1
80 70 89
26 20 90
86 75 33
95 21 59
76 47 70
85 68 41
71 87 7
11 32 65
34 72 75
29 36 86
10 72 100
1 97 39
43 47 33
17 36 76
76 85 40
49 18 95
78 23 25
22 4 96
22 97 31
83 83 38
13 78 5
34 27 91
73 7 6
37 13 100
55 99 81
17 52 13
73 6 68
80 60 28
86 15 32
94 75 65
55 2 71
65 77 89
25 54 15
97 40 45
35 72 76
46 74 16
46 13 25
9 67 78
63 4 15
84 79 64
90 98 72
51 76 26
50 36 93
36 69 53
75 23 60
38 92 85
35 73 75
19 25 7
44 52 32
52 39 2
66 20 11
93 94 28
91 74 34
18 82 44
35 64 17
8 3 76
77 28 9
58 63 62
24 8 15
20 62 88
97 7 12
97 40 88
94 73 33
40 47 81
49 22 17
42 12 84
7 13 7
54 8 62
47 66 68
13 21 19
77 89 75
100 1 1
57 14 13
60 86 100
42 33 100
35 62 33
100 31 47
82 86 16
46 54 18
5 77 3
4 99 54
4 78 15
15 87 67
63 74 95
61 55 7
81 38 96
85 74 65
90 78 19
10 86 69
100 84 31
68 88 5
12 8 16
84 63 23
89 48 39
39 42 75
91 77 63
29 35 24
8 20 80
75 37 68
53 85 73
26 63 84
51 16 84
70 44 46
18 75 3
16 88 96
66 25 14
75 36 52
50 78 61
61 63 52
79 6 20
92 38 94
2 64 93
86 41 9
94 13 95
86 33 83
49 32 95
56 6 32
34 29 37
43 72 63
28 44 77
14 84 31
34 54 33
20 98 70
93 8 68
49 79 11
3 82 67
96 28 17
49 47 74
70 72 24
28 9 52
80 46 30
97 44 64
59 83 100
34 72 48
73 91 41
3 98 22
93 81 97
19 41 36
39 85 37
4 92 13
88 17 100
89 80 48
88 40 84
57 98 14
37 92 57
93 24 72
1 12 64
47 66 45
22 95 30
63 39 40
47 88 38
77 41 62
75 83 75
11 60 98
25 74 22
97 24 78
87 78 17
56 80 4
49 73 97
15 81 30
9 78 90
90 47 68
11 99 92
78 84 95
84 24 17
44 52 32
97 83 99
78 28 94
63 43 23
98 100 65
25 43 2
16 20 69
74 98 45
28 81 52
36 32 85
95 85 81
83 27 46
56 84 29
38 4 40
13 45 52
37 2 41
52 69 42
43 81 99
10 38 38
32 47 87
63 97 5
0 44 99
84 98 25
41 54 55
0 32 79
60 98 27
89 86 90
80 94 17
49 60 88
15 100 82
72 53 57
25 65 34
52 27 39
38 20 36
82 56 91
63 38 11
49 34 10
46 60 87
79 4 33
48 100 27
69 3 81
38 8 35
87 22 56
33 58 9
41 67 73
7 29 86
0 10 42
10 9 17
0 39 48
70 16 5
46 60 37
74 24 4
89 8 11
6 74 32
66 22 24
24 24 77
87 93 35
56 48 75
92 3 36
67 10 77
36 41 40
73 81 29
67 12 75
60 2 68
21 99 3
36 12 28
25 40 82
24 26 19
13 94 70
82 35 76
97 16 13
21 61 42
9 70 2
53 22 1
57 61 15
57 58 89
83 89 31
4 86 31
14 89 2
55 94 47
13 55 55
79 8 72
52 96 17
56 1 93
31 46 91
10 28 72
25 55 35
88 64 68
88 7 40
21 66 14
76 45 72
12 39 71
34 66 96
11 45 47
79 70 92
4 64 27
85 33 65
37 87 64
35 71 80
16 10 4
48 48 69
75 97 39
77 89 85
46 71 15
100 27 67
17 79 13
61 6 25
95 44 79
83 77 98
91 22 82
14 78 60
69 18 21
10 87 38
5 98 52
17 31 57
86 67 92
93 28 75
95 82 27
59 31 96
24 66 29
52 22 97
14 19 22
12 3 26
44 71 96
98 29 77
73 93 3
95 85 18
91 88 3
57 71 100
1 74 53
65 89 98
42 58 87
5 85 97
39 12 84
10 33 21
23 35 44
78 13 34
62 24 38
83 62 4
40 29 19
56 87 92
50 95 41
14 10 10
50 91 58
37 54 52
67 68 52
29 72 80
43 48 99
92 33 47
55 71 46
39 81 80
29 71 99
65 81 74
59 43 87
55 58 79
42 13 34
65 39 45
16 58 42
17 8 18
22 41 17
61 71 58
72 36 27
77 67 94
91 86 25
2 20 12
87 40 57
61 30 32
54 13 86
52 68 11
24 29 11
62 90 75
0 54 4
32 38 20
80 32 67
77 97 48
55 93 15
17 32 44
10 19 4
31 37 19
48 21 33
61 65 100
60 81 24
69 25 52
33 17 14
35 8 16
14 98 61
96 2 72
16 66 96
21 17 22
74 32 16
65 77 76
12 33 57
60 81 83
86 22 44
50 27 13
31 80 31
69 82 83
25 93 2
19 61 77
92 31 9
73 67 79
50 96 59
97 81 53
93 5 46
87 37 94
7 79 5
53 66 72
10 33 33
43 9 84
60 57 42
20 60 5
100 60 84
22 89 58
2 98 62
100 39 9
9 77 77
3 96 47
18 13 17
17 75 28
91 2 12
34 44 91
90 93 62
76 21 60
64 20 30
31 32 20
14 63 94
87 15 84
35 22 38
80 2 41
84 58 56
32 43 54
6 90 7
22 54 16
28 11 21
12 71 89
18 69 54
38 86 11
62 44 84
11 10 80
95 20 58
13 82 4
96 97 9
32 67 10
23 5 33
70 87 37
25 63 58
71 59 9
57 75 18
91 5 25
38 87 35
28 74 83
28 13 37
6 57 10
87 28 17
95 59 36
74 13 7
66 17 16
86 82 81
28 58 46
57 66 7
31 20 6
54 6 54
70 91 100
74 32 14
17 69 21
10 37 85
49 37 81
21 63 84
24 1 68
34 78 66
41 58 27
30 86 56
67 67 62
13 98 74
8 64 34
92 80 87
31 10 68
48 64 69
20 94 40
27 39 58
22 88 73
80 15 95
96 23 79
5 66 37
85 7 21
90 48 65
16 81 32
66 30 100
44 68 69
28 88 81
60 4 61
42 73 40
41 62 75
82 77 39
87 21 91
1 45 6
22 34 52
86 54 55
67 73 45
93 68 55
56 22 38
75 55 81
75 79 54
47 27 8
8 100 13
21 80 63
32 27 27
77 75 53
20 46 23
50 45 96
20 39 43
33 56 65
59 82 94
17 42 4
13 62 100
2 1 3
15 48 19
95 24 55
29 21 89
98 55 70
84 38 75
10 55 4
77 18 99
22 42 25
63 73 6
49 78 52
78 12 26
83 77 15
2 67 55
45 24 72
23 17 75
33 61 4
34 99 40
75 69 6
18 22 25
100 35 40
59 78 24
35 29 87
83 21 71
4 38 5
100 31 11
20 41 6
12 59 63
14 72 37
30 94 18
81 16 88
36 67 58
5 77 17
12 55 55
