100
2130 125 0.7614268866317455
3000 50 0.123
2014 194 0.6089818857707359
35 1 0.6589027160984007
1 2 0.4
2972 236 0.9681945885298201
192 7 0.5696431469417579
3000 148 0.9286954412715177
1906 53 0.917515869575882
1 1 0.4
1997 30 0.949493527036324
970 11 0.7914255490148022
2110 8 0.5555001429338475
949 32 0.660591763871422
809 80 0.8912438779656502
3000 2462 0.9151227339986332
1334 9 0.7119732369798495
2716 68 0.7690328863035685
583 18 0.5462105530392116
518 13 0.6732217861720134
3000 94 0.8689874881448595
2293 70 0.7086400483014732
3000 854 0.9720202238293681
1749 45 0.9143400610994803
2 1 0.5
1955 151 0.5602392142886337
2463 96 0.9546825033328732
711 56 0.584366839884684
391 21 0.990045506730495
2675 172 0.9907174864261679
1737 40 0.9044518164039779
2268 131 0.7443404245517564
2810 12 0.936126143514934
2553 210 0.8811288188540778
3000 50 0.987
2943 73 0.5394592650826195
310 28 0.549790179265626
2941 219 0.750339808465424
1304 1 0.8642500034123509
2488 143 0.8832202520625858
459 33 0.8071185178965246
225 2 0.6780451225162889
2380 151 0.9441707444555858
2917 64 0.9621890345939623
3000 121 0.9980522144494091
1743 148 0.9759817409002272
10 5 0.9
10 5 0.1
3000 125 0.919826528587413
975 8 0.6127093992786137
3000 1757 0.9670775954951097
244 11 0.7458434172463387
455 20 0.5702204749288792
3000 1235 0.9966125411381052
3000 6 0.6128288993437406
2734 190 0.7653215182922928
2582 134 0.6374763026733724
1878 46 0.6060101128687421
3000 27 0.8186760818824159
1966 131 0.7451116057492349
393 32 0.8120283847590396
3000 135 0.5511401553868309
558 46 0.6810346336176656
1655 148 0.5237605880692013
2773 43 0.7009761789313649
215 11 0.7179625365726094
2119 172 0.9744914521199695
2499 109 0.8733851251749092
2 1 0.4
74 7 0.6831066811432367
1040 91 0.6049035620818806
217 7 0.7382865325352616
10 12 0.5
2293 118 0.624152643324636
1423 34 0.9681020259426603
1934 1 0.6576824433056361
1610 47 0.697238079810116
3000 195 0.8184633788266845
1231 15 0.7633584563147728
2177 187 0.8059019776620424
2534 196 0.6054084569594469
3000 68 0.883581865722848
3000 39 0.6214264176481694
3000 43 0.8371587587474507
2688 208 0.5407037013430946
1199 61 0.8871619333542162
1650 19 0.5949213049477194
996 5 0.5646464125654863
1069 105 0.8526875524964972
1584 5 0.79954408040302
3000 48 0.815240333295067
1699 6 0.8047726667160371
3000 132 0.9234418745440136
3000 835 0.9304641233983514
3000 160 0.6579502846146681
1380 41 0.8561698013807151
1293 65 0.582991019442719
3000 62 0.54049556192781
806 3 0.6110579784569348
480 10 0.8122885175919962
