Case #1:
11100010001010100010101001100111 7 13 3 7 5 3 29 7 3
10000111100111100111100000011111 3 2 3 2 7 2 3 2 3
11001000100100011000101000101001 53 2 3 2 113 2 5 2 3
11110001010000011100100000100111 5 2 17 2 37 2 5 2 101
10001101011010100111001000100011 3 29 3 3 5 3 3 11 3
11010110100010101001011010000111 7 2 13 2 11 2 17 2 17
11110111011010001001000011001001 3 2 5 2 7 2 3 2 11
11100010100000101001101100010001 3 73 241 3 13 11 3 241 163
11011100000110010000111001110111 3 7 13 3 31 43 3 17 7
11001100111101101011001010100001 3 13 97 3 13 113 3 11 31
10011010100111011001100110010111 3 2 3 2 7 2 3 2 3
10100100101111011000010010110001 19 5 3 53 5 3 5 11 3
10110000111001010101000101100011 3 13 3 3 5 3 3 7 3
10010111000011001111000000110001 43 2 7 2 17 2 7 2 199
11101110010101000010111010100101 41 7 17 139 73 127 577 17 7
10000000000010011001111001111111 283 5 3 11 5 3 5 809 3
11001101010010100001000010000101 29 2 3 2 433 2 5 2 3
10101000010101101001001100111101 3 2 5 2 7 2 3 2 11
11000000001101011110101001101101 3 2 5 2 7 2 3 2 11
11000111000111101100101100110101 5 2 3 2 17 2 5 2 3
10100001100111001101001001011011 3 2 5 2 7 2 3 2 11
10101011011110010010000101000111 3 2 5 2 7 2 3 2 7
11111000110010010000101101000101 7 13 3 31 5 3 73 7 3
11111011101001000101110001101001 3 2 3 2 7 2 3 2 3
11101101101000011010011010000001 3 7 3 3 5 3 3 73 3
10100000101111111101001101011111 3 2 5 2 5 2 3 2 11
11100011100111001011111011110111 5 2 17 2 13 2 5 2 13
10000100010111110011100100111111 11 2 3 2 881 2 317 2 3
11011011000110001111110010110001 3 2 3 2 7 2 3 2 3
11100001101001010000111011110001 3 2 5 2 7 2 3 2 11
10010101111001101000001100111001 3 2 5 2 7 2 3 2 11
10000111011001010101000010100101 53 2 13 2 167 2 7 2 41
10111001111000101001101101010101 3 2 3 2 7 2 3 2 3
11101110010100010101111011011101 239 2 47 2 5 2 101 2 317
11101101110101011011011011110001 3 401 3 3 23 3 3 23 3
10010100100100011111111010100001 3 2 5 2 7 2 3 2 7
11101001100111111001101111100111 23 2 547 2 163 2 37 2 89
11001111001010011111000110111011 29 2 967 2 5 2 5 2 23
10110010100100000001100101110011 3 2 5 2 7 2 3 2 11
10100111110010010101000100010101 5 7 3 29 5 3 17 5 3
11111001000100011101101110010011 13 2 3 2 853 2 5 2 3
10011110100100101011000001110001 7 13 3 31 5 3 73 7 3
10011000001010000011010111110011 53 7 3 17 5 3 17 167 3
11000111110110010111100010100011 3 2 3 2 7 2 3 2 3
10100011001100100000011100100001 167 2 3 2 641 2 457 2 3
10001111110001111100100111011001 5 5 11 67 17 5 5 173 19
10010010101011100101101101000101 3 2 5 2 7 2 3 2 11
11011100101000110011100010101011 5 7 5 149 337 5 11 5 7
10010001011010001101110010011011 3 2 5 2 7 2 3 2 7
10011101111111010110111000001101 47 2 37 2 5 2 5 2 7
11010000011101100110100001100101 3 23 3 3 5 3 3 11 3
11001110011000001100000111100001 3 2 5 2 7 2 3 2 11
11111110011010010101011001111101 3 41 3 3 29 3 3 191 3
11110011001010001001000100001001 13 7 17 101 163 19 251 383 7
10111111100110001110000101111011 13 2 23 2 5 2 5 2 13
10111001100111010101010001110101 3 2 3 2 19 2 3 2 3
10010011010011000000100110110011 3 2 5 2 7 2 3 2 7
10010111110011100101000110100101 3 41 7 3 53 41 3 47 107
10100100100001100011111001101001 3 31 3 3 5 3 3 17 3
11000001011011011100011010101001 3 2 5 2 7 2 3 2 7
10001010101010100011011001011011 3 2 59 2 11 2 3 2 103
10101000010001001011000100011111 3 2 5 2 7 2 3 2 11
10010111011110010110011000001001 127 2 41 2 71 2 577 2 13
11110100100010000010010110000111 3 2 5 2 7 2 3 2 11
11111101111000100011100100000111 3 2 3 2 7 2 3 2 3
11011011010001011110001000101111 3 2 3 2 7 2 3 2 3
10000011001111000110110011111011 5 2 3 2 13 2 5 2 3
10000110111110011100011001111001 3 2 3 2 7 2 3 2 3
11001110111111011010110011111001 5 2 11 2 17 2 571 2 17
11000100110000111010111001110111 3 2 3 2 7 2 3 2 3
11110110110110001010111000111111 3 7 3 3 31 3 3 73 3
10011111000000110001111100101111 3 2 3 2 7 2 3 2 3
11010111011000111101100101000101 3 2 3 2 37 2 3 2 3
11000010001001011111100101011111 5 2 3 2 37 2 5 2 3
10111111010110100110011111111111 3 2 3 2 7 2 3 2 3
11100110110100000110000110001001 3 2 5 2 7 2 3 2 7
10100000101000110100110011001111 3 5 3 3 5 3 3 29 3
10011001000100101001000000111001 3 2 3 2 7 2 3 2 3
10000111010001010101110011000001 3 2 7 2 53 2 3 2 7
11101101110110000011111011110101 5 13 3 31 11 3 7 7 3
11001010011111100100011111110011 3 2 5 2 5 2 3 2 11
11010100000101110000110101110101 5 2 17 2 37 2 5 2 101
11011101001010000001100010100111 47 5 3 89 5 3 5 11 3
10100000011111101000010001001011 7 2 257 2 19 2 7 2 19
10000000011010111111011000001001 5 2 17 2 37 2 5 2 43
10100001100001010101110111111011 7 2 3 2 43 2 73 2 3
11100000001100111011101110100111 17 2 3 2 19 2 31 2 3
11111011010110111001111000011001 3 2 5 2 5 2 3 2 11
10110101101000001000101001101011 193 433 3 53 5 3 263 5 3
11100100100000110001100000001101 3 2 3 2 7 2 3 2 3
11000111001111100111101000011001 3 2 3 2 7 2 3 2 3
10100001101111000100000100001001 3 2 3 2 7 2 3 2 3
10001011100100000001001001010011 3 2 3 2 7 2 3 2 3
10111001000111010101001110101011 3 2 3 2 7 2 3 2 3
10001001111011110001110000100001 89 5 3 17 5 3 5 23 3
10100110100010010010010100010001 3 2 3 2 7 2 3 2 3
11011110010000101011010111101111 3 2 5 2 5 2 3 2 11
11101101100101101101100001101001 3 2 3 2 7 2 3 2 3
11101110100100001111001001000001 281 19 3 359 5 3 47 19 3
10101110111000101000000001001111 563 53 3 17 5 3 97 5 3
11011111010001001101000010110101 5 7 5 103 13 5 37 5 7
10000010101010010111011011001011 5 2 7 2 37 2 5 2 101
11011101000110101000101101100111 3 2 3 2 7 2 3 2 3
10111000000101001001100110001101 3 2 5 2 7 2 3 2 11
10011101000110010101101010100001 7 5 3 19 5 3 5 7 3
11101010001111100010101011111111 13 5 3 479 7 3 5 19 3
10100101011000100101110111111001 5 2 3 2 37 2 5 2 3
10101001011111000111001101101001 3 2 3 2 7 2 3 2 3
10000011101101110111100101110001 89 2 3 2 11 2 5 2 3
10000001110110010000100100100011 3 2 3 2 7 2 3 2 3
11100010001110100001101111100111 181 2 3 2 53 2 5 2 3
10101011110111011001110111110011 3 2 5 2 7 2 3 2 11
11011000110010011001111001101101 3 2 3 2 7 2 3 2 3
11001101000001001110001110011001 7 37 3 101 5 3 17 7 3
11100111001010010100000001010111 3 5 3 3 5 3 3 761 3
11001110001000010110111100100101 3 2 5 2 7 2 3 2 11
10011000001001011111111001110101 5 2 3 2 11 2 5 2 3
10111110010000001011100010100111 5 2 7 2 37 2 5 2 7
11100001010011010011000000010001 7 2 3 2 31 2 61 2 3
11011100011100001110110010011101 5 2 3 2 29 2 11 2 3
10101001101010001100110101001001 3 5 3 3 5 3 3 73 3
11000011110011111011011111001111 3 2 5 2 7 2 3 2 11
10110011100000100110110011111101 5 2 3 2 37 2 5 2 3
10111101010100101010111111001111 7 13 3 31 43 3 7 7 3
11110101011011111111100100010011 3 5 3 3 11 3 3 181 3
10001101100010110000101001101011 37 5 3 149 5 3 5 5 3
10110011111001001111000010101011 37 2 3 2 331 2 109 2 3
11001100111111000111001100101111 3 2 5 2 5 2 3 2 11
10101100010010011101000011110011 3 2 5 2 7 2 3 2 11
11000111100010101001010110111011 11 2 3 2 257 2 19 2 3
10101001000100010001010111110101 7 11 3 31 5 3 73 5 3
10000110101100101100101000011101 3 167 3 3 5 3 3 37 3
11110001001100011011011101001101 5 2 3 2 11 2 17 2 3
11011010101000101011000011100011 3 2 59 2 727 2 3 2 7
11010010101011001110000101001101 3 2 5 2 7 2 3 2 7
11111000101001110111111111000101 409 7 3 23 149 3 7 659 3
11011100001000110111111010011001 3 2 3 2 7 2 3 2 3
11110000000111100011010001110001 3 181 3 3 5 3 3 11 3
11110110011001000000010100000011 3 11 11 3 139 89 3 7 223
11011101000110011100000010001001 5 2 13 2 281 2 7 2 151
10011110101001110000010000111101 3 2 5 2 7 2 3 2 11
10110110001111111111100000111011 3 11 3 3 11 3 3 11 3
10010010000010100010111010110111 5 13 3 7 5 3 11 5 3
11100001101011011011010001110101 5 2 3 2 19 2 5 2 3
10011100101111111010100100001011 7 2 3 2 43 2 31 2 3
10000000110011011000101001110101 3 2 5 2 7 2 3 2 11
11101000010100001110010110011011 3 2 5 2 7 2 3 2 11
11001101011111000111011011010101 3 2 67 2 5 2 3 2 7
10111010110110011010101011101111 73 5 3 23 7 3 5 71 3
10001111001100010001101110011011 7 53 13 11 23 13 211 7 89
10111010100011011001110001101101 59 2 3 2 59 2 11 2 3
11110010001101001110000111110101 7 2 3 2 43 2 11 2 3
10100011001101111110010000000001 3 2 5 2 7 2 3 2 11
10111100111101011100101001101101 3 2 5 2 5 2 3 2 11
11001011100000100000011110000111 5 2 13 2 37 2 5 2 101
11000010101011001000001001011111 3 5 3 3 5 3 3 97 3
11010100010100101000010100111111 5 2 17 2 37 2 5 2 101
10101101011101110101001000001111 23 2 3 2 11 2 29 2 3
11111100001101100001100111011111 257 2 7 2 5 2 227 2 7
11010010111111000001011010101011 5 2 3 2 37 2 5 2 3
10100000101111000101100001100011 5 2 11 2 37 2 5 2 101
10011111111011100010100010011011 11 5 5 7 13 173 5 5 31
11110100000110011010011001000001 5 2 7 2 37 2 5 2 101
11000011011100110001101000111001 3 2 5 2 7 2 3 2 11
11110001100110101110001110001011 7 2 3 2 43 2 5 2 3
11001100010100101101111100001111 11 2 3 2 103 2 41 2 3
11110110101101110100001011101101 3 2 5 2 5 2 3 2 11
11011000010010001111111010000011 131 2 7 2 11 2 5 2 29
11110110011011001011101100000101 3 2 3 2 7 2 3 2 3
10100001001011100001011100110101 13 7 3 17 5 3 13 113 3
11111011101010011011001010110001 5 5 5 521 11 5 5 5 7
11101101011001100010110000010011 3 2 5 2 7 2 3 2 11
11010110011011100101111001110111 3 5 3 3 797 3 3 353 3
10000100111000011110001100001111 7 13 3 7 5 3 73 7 3
11110111101011000010000101110011 3 2 3 2 7 2 3 2 3
11000111100000000011101111011111 3 2 3 2 7 2 3 2 3
10101011001000111000011101100101 7 2 47 2 631 2 5 2 29
10100010101010111011101001011011 5 2 3 2 193 2 79 2 3
11001111010001111111100100110101 5 2 17 2 5 2 5 2 101
10111000010000110110011101100011 3 2 5 2 7 2 3 2 11
10011101001110001000110100111111 3 2 3 2 7 2 3 2 3
11000011001011010100100000101011 5 2 17 2 19 2 5 2 101
10010111010110011100011001011101 3 2 3 2 29 2 3 2 3
10110001010111011101011001100101 3 2 3 2 37 2 3 2 3
10010111010111110001000011011111 5 61 5 521 11 5 11 5 31
11011001010100000000101101001011 89 2 79 2 233 2 7 2 19
10110001010001011100100111001001 3 47 3 3 5 3 3 19 3
10010111111100111011100011101101 5 13 3 31 43 3 7 7 3
10111010001101111100011011010111 3 2 5 2 5 2 3 2 11
10100101110110101100110110011111 3 2 5 2 5 2 3 2 11
11010010101100100100011110000001 3 2 5 2 7 2 3 2 11
10101010000110001101000100100111 17 2 257 2 17 2 7 2 73
11101010000101110100001101101001 3 2 5 2 7 2 3 2 11
11001011001000011001100001001101 3 2 5 2 7 2 3 2 11
11100111011110110000101110010001 3 2 3 2 7 2 3 2 3
11010000010100111001110111101101 5 2 3 2 43 2 59 2 3
10000000001001111010101001110011 7 2 311 2 239 2 5 2 83
11000011011011010010001101010011 79 2 307 2 569 2 5 2 29
10011111111110000110000010010111 3 2 3 2 7 2 3 2 3
11110100100110111011111110100001 23 2 7 2 5 2 5 2 7
10001111000100100000011001110011 3 2 5 2 7 2 3 2 11
10100010100111100011001001011001 3 5 3 3 5 3 3 101 3
11000100011111000010101110000001 3 2 5 2 7 2 3 2 7
10101111000100111010111010010001 3 7 13 3 31 17 3 73 7
11011100110001111111011010010111 3 5 3 3 11 3 3 47 3
10101111111111101100000011101001 23 2 7 2 5 2 307 2 7
11111011101100110101101001011001 3 2 5 2 5 2 3 2 11
11100110011110011000111100110111 3 2 5 2 5 2 3 2 11
11010001011111001110101010000001 3 2 5 2 7 2 3 2 11
11010111010100011100100101100111 3 2 3 2 37 2 3 2 3
11010001011000011110100101010101 3 2 13 2 11 2 3 2 7
11110001010011010000101011100011 3 2 5 2 7 2 3 2 11
10100111101001011111010111000101 3 83 43 3 17 23 3 11 227
11001111000001111001001010110111 3 2 3 2 7 2 3 2 3
11110001001000101011001111100111 5 2 3 2 47 2 19 2 3
10100110010010001001011010111011 5 2 17 2 37 2 5 2 101
10000111000110000111010110100101 3 31 3 3 5 3 3 19 3
11101001010010101101011111111001 3 2 5 2 5 2 3 2 11
11111100000000000110101101001111 3 2 5 2 7 2 3 2 11
10011111100100001111010001111001 337 2 3 2 53 2 263 2 3
11110000101000111101011111110111 5 13 3 31 11 3 7 7 3
10000000111111101101000001100111 3 2 5 2 7 2 3 2 11
10000111110010110011110111000101 11 2 3 2 17 2 59 2 3
11100000111100001010010000010111 3 2 5 2 7 2 3 2 7
11111000010100100000110001111011 3 2 5 2 7 2 3 2 11
10011011000100110101001101001001 3 5 3 3 5 3 3 11 3
11000100110010110010100101001001 3 2 5 2 7 2 3 2 11
10010001000000110000000000111011 3 2 5 2 5 2 3 2 11
10000110010000101100011011011001 3 2 5 2 7 2 3 2 11
11100011000011100101000011110011 3 2 5 2 7 2 3 2 7
10011110101001001111100001100011 3 17 11 3 647 83 3 67 17
11100111111010110011111111010111 3 2 3 2 7 2 3 2 3
10001011111101110100011010001101 3 2 3 2 7 2 3 2 3
10111000101011001101111010101101 7 29 5 23 11 47 389 5 149
11011101000110010101000100000111 7 13 3 7 5 3 13 7 3
11101110010000110000000010010001 3 2 3 2 7 2 3 2 3
10110011000110010101000010010111 3 5 3 3 5 3 3 7 3
10011000111010101011000111000001 3 43 3 3 5 3 3 11 3
10001110110100111100000111001111 3 2 3 2 7 2 3 2 3
10101001000100101011010001000001 3 2 3 2 7 2 3 2 3
10010011010111000111110110000101 113 5 5 127 31 29 5 5 167
11111011110111011010010000001111 3 2 5 2 5 2 3 2 11
10111100100111001001110101010011 7 2 3 2 19 2 5 2 3
11000100001011110110100010010001 3 2 5 2 7 2 3 2 11
10100001000110100010111101001001 37 2 229 2 443 2 7 2 71
11000000110001011000110101100111 3 13 3 3 5 3 3 7 3
10000110101001101110010001000101 3 2 5 2 7 2 3 2 11
11000000010000011000010001010111 17 5 5 113 967 19 5 5 743
11111101001100101100011010100101 3 2 3 2 7 2 3 2 3
11100111101111111100101111011101 3 2 3 2 7 2 3 2 3
11101101010000101101010110011101 13 2 3 2 347 2 5 2 3
10010010111111111111010110111111 3 2 3 2 7 2 3 2 3
10010010010101100010100011110001 3 2 5 2 7 2 3 2 11
10010110101111010111111011100001 3 2 5 2 5 2 3 2 11
10010101011110111110100011001111 3 2 5 2 5 2 3 2 11
11011101101000101000001000100101 5 2 11 2 13 2 5 2 101
10101110111010111000111101100111 5 37 3 37 11 3 7 5 3
10101000100001001110001110110111 5 2 17 2 37 2 5 2 29
10111001011000001011000010000111 283 2 67 2 173 2 7 2 61
10101011111110100100001101010011 7 2 3 2 43 2 73 2 3
11111110111000101110011110101001 5 11 3 31 13 3 7 5 3
10001111110110101101000100100111 3 2 3 2 7 2 3 2 3
10101010110101101000011100101111 619 2 3 2 17 2 37 2 3
11011010101101101101100001100011 5 2 3 2 37 2 5 2 3
11100010110111011100110111011011 149 41 3 7 281 3 7 53 3
10101101001010001111011111000101 3 2 3 2 7 2 3 2 3
10101000100111010101111101010011 7 2 3 2 43 2 73 2 3
11000100100011011111001010111101 3 2 3 2 7 2 3 2 3
11100111101101100000101100011101 3 2 3 2 7 2 3 2 3
11110011100101011000100001101001 3 2 5 2 7 2 3 2 11
11001101011000000001101001010111 3 19 3 3 5 3 3 7 3
10001001111101100110110011011111 3 2 5 2 5 2 3 2 11
11110111111100001111010000011001 3 7 13 3 13 43 3 73 7
11011111011011111001100000000011 3 2 3 2 7 2 3 2 3
11010110110111111001001001100001 5 2 3 2 37 2 5 2 3
10110101010000100010001100001001 3 2 3 2 7 2 3 2 3
11100110111111101101100001101111 71 2 19 2 29 2 19 2 83
10011010000111111110011111010011 3 2 5 2 5 2 3 2 11
10110101100100000001110100101001 5 2 37 2 11 2 7 2 79
11010000110010000111001100100011 3 2 5 2 7 2 3 2 11
11110010110011100010111001011101 7 179 11 23 11 59 19 7 17
11110000001100110001110111001001 11 2 41 2 71 2 5 2 19
11000001100000101001100001000111 3 2 3 2 7 2 3 2 3
11100010100010111010111011011001 3 2 3 2 151 2 3 2 3
11110011111110001100101000101111 5 2 17 2 5 2 5 2 101
11011001011000010110011111011111 5 2 17 2 5 2 5 2 17
11110101001011111100101100110011 3 2 5 2 5 2 3 2 11
11010010100011110010000001111011 23 2 31 2 17 2 47 2 31
11111110101001111111010101000101 3 443 3 3 53 3 3 23 3
10111101111100001000101111101001 3 41 53 3 13 661 3 11 127
10110101011110110010000101101011 3 2 3 2 7 2 3 2 3
10111001100000001111000101110011 3 2 5 2 7 2 3 2 11
10100111100101001000010010011101 7 13 3 31 5 3 11 7 3
10110111100101000010011001111011 3 2 3 2 7 2 3 2 3
11000011110111001011110100101001 3 2 3 2 7 2 3 2 3
11101001000110100001100111100101 3 2 5 2 7 2 3 2 11
11100100001010110100010100111011 3 2 5 2 7 2 3 2 7
11101000010101101110111010110001 7 2 3 2 41 2 11 2 3
10011011010010010001100010101011 3 5 3 3 5 3 3 431 3
11011000100011110111100000110111 3 2 3 2 7 2 3 2 3
10100011100000111011111010000101 227 2 13 2 11 2 41 2 19
10011010110101001110101110111111 3 5 3 3 73 3 3 19 3
10001111100000001100100001011001 5 5 89 37 137 5 5 7 23
10101011100110111010101111000001 3 2 3 2 43 2 3 2 3
10011011111100000011111001011001 3 2 3 2 7 2 3 2 3
10000010000111001110101111110111 5 2 3 2 37 2 5 2 3
10000001110111100010010000100111 3 2 5 2 7 2 3 2 7
11011101110000101001000110101001 3 2 5 2 7 2 3 2 11
11101110101101000001011101001101 19 2 3 2 29 2 41 2 3
11001001000111110101110100100111 13 2 3 2 19 2 11 2 3
10001101111000000110001100011001 3 2 5 2 7 2 3 2 11
10010110011110100100111110010101 5 2 3 2 11 2 5 2 3
11110011110000100100000000010001 31 2 3 2 571 2 19 2 3
11110001011000111110011010011001 3 2 3 2 7 2 3 2 3
11010011001100100011001000111101 3 2 5 2 7 2 3 2 11
11100111100000011000111100011111 3 2 3 2 7 2 3 2 3
11111001010100101001001110110101 307 2 3 2 41 2 113 2 3
10110010111110011110001010100011 3 2 3 2 11 2 3 2 3
11011100110000110111000111011001 5 2 3 2 479 2 401 2 3
10100101010100110010011010111111 3 2 3 2 7 2 3 2 3
10100110101110001000101101000001 7 2 643 2 13 2 7 2 653
11001001001011110000100001011001 3 2 5 2 7 2 3 2 11
11010111101111101101000010001111 3 2 5 2 5 2 3 2 11
10001100001101111100110010000111 3 2 5 2 7 2 3 2 11
10001110010110000010010100110101 5 2 13 2 37 2 5 2 101
10110010001100001100011100000111 3 2 5 2 7 2 3 2 7
11100010000110111111111101111001 7 5 3 31 17 3 5 7 3
11000101100000000000101011010011 3 2 3 2 7 2 3 2 3
11010000010010011011001101010011 3 13 3 3 5 3 3 257 3
10000010000001101001001100011101 3 2 3 2 7 2 3 2 3
11101010001111111100101110011011 5 7 3 19 19 3 7 5 3
11101110111101011010110110111001 83 2 23 2 11 2 43 2 449
11110010110101000101110100000011 5 2 17 2 37 2 5 2 101
11111010100000001010000111000111 3 37 3 3 5 3 3 23 3
11011101111100101110101100011111 3 2 5 2 7 2 3 2 11
11101001111111010010110100101111 7 13 3 19 11 3 7 7 3
10011110000111001111100111110011 3 2 5 2 5 2 3 2 11
11100101011001110010001000111001 3 2 5 2 7 2 3 2 11
11111001110110001110000111111111 3 2 5 2 7 2 3 2 11
10010000110111100011101011101101 7 2 3 2 43 2 73 2 3
11011011111001111111100011110111 3 2 3 2 7 2 3 2 3
11101111001110001110010110111101 7 7 3 11 29 3 7 7 3
11001100001011110001100110100001 43 5 3 523 5 3 5 317 3
11010000010000110000011100110001 379 2 3 2 47 2 19 2 3
11001101111101011000111000000111 11 2 3 2 23 2 17 2 3
10100101101111110110000001011101 5 2 3 2 17 2 5 2 3
10011011111100000011000010000101 3 2 5 2 7 2 3 2 11
11101110001100110011010010101011 653 2 3 2 61 2 5 2 3
10000111010011001011100001001111 3 2 5 2 7 2 3 2 11
10001110100101001001110001101101 3 2 5 2 7 2 3 2 11
10110100100011100001100101000011 3 2 5 2 7 2 3 2 11
10100010101001001011101001000111 11 5 3 37 5 3 5 5 3
10110001111000100011010101000001 29 2 43 2 11 2 7 2 109
11010000010100111010101100011011 3 2 5 2 7 2 3 2 11
11100110100011000100010110111111 3 2 3 2 7 2 3 2 3
11010111101110111010111101000001 3 2 5 2 5 2 3 2 11
11101100011111010101110010111101 3 7 3 3 31 3 3 7 3
10111001111100100010110111010111 3 2 5 2 5 2 3 2 11
11100001100000010101111010100011 7 7 3 31 5 3 73 7 3
11010101110100100111101001001011 5 2 3 2 37 2 5 2 3
10010011110110101001100110011011 11 2 3 2 13 2 13 2 3
10010100000101010010111111001001 3 5 3 3 5 3 3 59 3
11100000101011001000101000101101 3 2 31 2 71 2 3 2 149
11000101001110100100000101101001 5 2 17 2 37 2 5 2 41
10111001001001010000011011001001 3 2 5 2 7 2 3 2 11
11111100000011110000011000010101 3 139 3 3 5 3 3 151 3
10100111010111111100101011111011 5 2 17 2 37 2 5 2 53
10000111001011000101101011011001 3 2 5 2 7 2 3 2 11
10101001001100100011110101001101 3 2 5 2 7 2 3 2 11
10100100111010000010010110111001 3 7 3 3 5 3 3 73 3
10110101111111010111101000101111 3 2 5 2 7 2 3 2 11
11010101111110100101101110011111 89 2 11 2 11 2 41 2 97
11100011111101000011100110011001 3 2 3 2 7 2 3 2 3
11010100011110000001100110001111 5 2 109 2 11 2 19 2 47
11001010100111001101110100111001 3 2 3 2 7 2 3 2 3
10101011010110000011101000100101 3 5 3 3 5 3 3 7 3
10111100000001101000001011111111 3 7 13 3 19 41 3 37 7
11110100001111111000011111101111 3 2 5 2 7 2 3 2 11
10111101101101001000011111001001 3 2 3 2 7 2 3 2 3
11110000110000000110000111010111 3 43 3 3 5 3 3 71 3
11011100100011000110000010010011 3 2 5 2 7 2 3 2 11
10100000100101110001000111011001 5 2 13 2 23 2 7 2 67
11111010100110110001000101011101 5 2 3 2 43 2 73 2 3
10100010011101011110110110101001 5 2 3 2 37 2 5 2 3
11011100010011110101100011010101 3 2 3 2 67 2 3 2 3
11001101111101110110100000001011 3 2 3 2 7 2 3 2 3
10001111001100000110010000100111 3 2 5 2 7 2 3 2 11
10111111000111010001011100010011 31 2 3 2 23 2 13 2 3
10100100100011110001000011010101 43 2 251 2 179 2 7 2 47
11010111000000101000011011010001 5 2 17 2 37 2 5 2 101
10010110101101110000110101000101 5 2 17 2 37 2 5 2 41
10000011101111101100111001110001 5 2 3 2 37 2 5 2 3
10100110101010011000100100110011 73 11 3 19 5 3 983 5 3
11011101001001010110110010010101 5 857 5 479 59 5 103 5 19
10010111011110011000101110110111 3 2 5 2 5 2 3 2 11
10100011001000110000011110101101 3 7 3 3 5 3 3 7 3
11001011000111110110100001011011 3 2 3 2 7 2 3 2 3
11001100000001011101111110001101 3 13 43 3 17 11 3 37 613
10010001110000111110010101000001 73 2 67 2 269 2 7 2 67
10100101110101100011110000010001 3 11 3 3 5 3 3 11 3
11011110111101111110000101111111 7 2 3 2 43 2 43 2 3
10110001000101001100101001100011 3 2 5 2 7 2 3 2 11
10110111011111110111010000011111 23 2 227 2 47 2 5 2 71
10000110010011100111000111100101 137 2 13 2 11 2 5 2 17
10010111011000011011101001001111 3 2 3 2 7 2 3 2 3
11000110110101010001001000100111 3 5 3 3 5 3 3 7 3
11100011010101111100111011101001 3 2 5 2 5 2 3 2 11
11101111000000110001100011010011 3 2 5 2 7 2 3 2 11
10110101110111100011101010010001 3 2 3 2 7 2 3 2 3
11000010101111010000100011011101 3 2 5 2 7 2 3 2 11
10001111010010010010100000000101 3 2 3 2 7 2 3 2 3
10001000001100000101110111011101 3 557 3 3 5 3 3 29 3
10010111101000101001000011000101 3 2 5 2 7 2 3 2 11
10000001001101100100001111111011 3 2 5 2 7 2 3 2 11
10001100000101010100000000001111 3 47 31 3 11 5 3 17 17
11101111100001000100101000010111 3 2 5 2 7 2 3 2 11
10011011110011110100111001001111 3 2 5 2 5 2 3 2 11
10001110100100101101110000101001 3 7 3 3 5 3 3 73 3
11001100110001011101011011000001 41 2 197 2 23 2 29 2 61
11010001111100101010010110101101 3 2 3 2 7 2 3 2 3
10110010000110001110110000100101 5 2 17 2 37 2 5 2 17
11111110110110100111100100010011 3 2 5 2 5 2 3 2 11
10011001101110000101111001011101 37 2 3 2 19 2 5 2 3
10000000001111010010001111100101 3 2 5 2 7 2 3 2 7
11000001100100111100001111100011 3 2 5 2 7 2 3 2 11
10111111011010010110110111000011 3 2 5 2 5 2 3 2 11
10000011100110000110110101111001 3 2 5 2 7 2 3 2 11
11000000100110100011110001100101 3 2 5 2 7 2 3 2 11
10011001110010100101010001110101 821 2 11 2 11 2 41 2 13
10001011111010111011111001110001 19 2 107 2 5 2 179 2 23
11110111111001100111001000111111 3 2 5 2 7 2 3 2 11
11110010011010111111111010110001 3 43 3 3 71 3 3 17 3
11100001001011101100011111110111 3 2 5 2 5 2 3 2 11
10100110101011001010000001010111 3 521 3 3 5 3 3 19 3
10110001001101010011010111010111 3 2 3 2 101 2 3 2 3
11000110111101010100100100111001 3 7 13 3 31 43 3 73 7
10100111000011000101110110010001 3 5 3 3 5 3 3 461 3
11110010110110101111000011011001 7 5 19 269 457 29 5 7 13
11010010000011110101011100000011 3 131 3 3 5 3 3 47 3
10001110000011000011101100110001 19 2 13 2 11 2 7 2 29
11000111010001011011111101100011 3 5 53 3 29 47 3 97 7
10000100010100111001010001100111 19 2 23 2 223 2 7 2 83
11111001111011011010001101110011 11 5 3 7 761 3 5 61 3
10111100010000101011110000101001 3 13 3 3 5 3 3 7 3
10101010111001111101111110001011 107 29 3 37 13 3 7 5 3
10111101100010010110111011010001 3 2 3 2 7 2 3 2 3
10111011010011001100001111111101 3 2 5 2 5 2 3 2 11
11011010000000001101100101101111 3 2 5 2 7 2 3 2 11
11100001100010011001011100010101 3 61 3 3 5 3 3 43 3
11000000110000110110101010011011 3 919 3 3 5 3 3 271 3
10110111001110000101011100111001 7 2 3 2 43 2 5 2 3
10110010010010000100101011011101 5 19 3 37 5 3 17 19 3
11011000101011011111101000101101 3 7 13 3 31 43 3 23 7
10010010101100001101000111001111 3 2 5 2 7 2 3 2 11
11001111110010110101000010000011 3 2 5 2 7 2 3 2 11
10001010001000100001100000011101 3 7 13 3 31 5 3 17 7
10000100110010110110001011101111 3 17 71 3 13 73 3 7 23
11111010110111000010011000110101 3 2 3 2 7 2 3 2 3
11000011011111001001001001001011 3 2 5 2 7 2 3 2 11
11110110011100101010010001111001 3 2 3 2 7 2 3 2 3
11001000100011000110100010100001 5 2 3 2 23 2 73 2 3
10001010011110010110100111000101 3 2 5 2 7 2 3 2 11
11111110101100110011010111101101 3 2 5 2 7 2 3 2 11
11110110110001110000010101010001 3 2 7 2 17 2 3 2 7
11010101100011101110111110111101 3 2 5 2 7 2 3 2 11
10101011101001010100111110101101 3 7 13 3 31 43 3 31 7
11110100010101000001011111101101 3 2 3 2 19 2 3 2 3
10011001011011000100000101110111 5 2 17 2 17 2 5 2 101
11101010010000001101111010001101 41 2 7 2 13 2 79 2 709
11110010100001001000011010010101 3 2 5 2 7 2 3 2 11
11001111000111101111011000010101 3 7 7 3 11 139 3 23 7
10111111010111000111010110100101 5 2 17 2 5 2 5 2 23
10011100001011110011100101110101 7 2 3 2 43 2 73 2 3
11011101010000100110000101101011 43 2 23 2 179 2 11 2 7
11010100011100001000011101001111 11 2 7 2 73 2 19 2 103
10011000011000000000011100111001 3 2 3 2 7 2 3 2 3
10110000110001001011010000110011 3 2 5 2 7 2 3 2 7
10011101110010111111000000110011 3 2 3 2 7 2 3 2 3
11010111011001011101110001111111 3 2 257 2 17 2 3 2 53
10010000110111111101110100100001 3 37 7 3 13 73 3 11 29
10000000101000101100001110101001 3 2 3 2 29 2 3 2 3
10101000010001100100100111010111 31 5 3 7 5 3 5 449 3
10100101001111100000011110111101 3 2 3 2 7 2 3 2 3
11111111100010000111001101110111 5 7 3 31 43 3 7 7 3
10000111101010010100000101001111 7 13 3 7 5 3 41 7 3
11001110101111001011010110101111 3 17 3 3 11 3 3 113 3
11001010011111011011100010011111 5 2 19 2 5 2 457 2 13
11100011111010000011010001001101 3 2 5 2 7 2 3 2 7
11000010010011110111010100000011 3 5 3 3 5 3 3 23 3
11011101111001100101110010110111 3 5 3 3 29 3 3 7 3
10010001011100100111010011100001 3 563 3 3 5 3 3 43 3
10001010111011101101110100101101 3 7 13 3 31 43 3 73 7
11010100111011000001110100000011 3 31 3 3 5 3 3 53 3
10110110111100011001001111000011 3 2 3 2 7 2 3 2 3
10011010110000100001111100010001 3 2 5 2 7 2 3 2 11
10101111010001000000111110100001 7 13 3 31 5 3 73 7 3
10100110101100100101101110000001 3 5 3 3 5 3 3 7 3
11001010010100100011111001110111 3 2 3 2 7 2 3 2 3
10110011100010101111110010110001 241 2 3 2 13 2 5 2 3
10110001011110111001110111100101 19 2 11 2 5 2 5 2 23
