1 墨雨萧轩 43340.77131 16544.14013
2 wjh720 42013.69486 12380.47622
3 nxy0520 40523.23943 8939.84236
4 gongty13 38592.28766 5863.13812
5 seter 38322.10709 5527.09141
6 quietshu 38046.95809 5204.65310
7 Ronudhead 35834.46681 3209.82157
8 magicdlf 35375.86223 2903.82620
9 Riatre 35196.02568 2791.95595
10 StormRaiser 34839.12627 2582.54325
11 lovevvcy 34754.23626 2535.09147
12 RsEnts 34669.14511 2488.40223
13 wuzhengkai 32830.20953 1665.14061
14 yshui 32784.21539 1648.49336
15 alantian 32465.95759 1537.77353
16 zhaoyang 31140.16820 1151.08566
17 gaoyb7 31125.78128 1147.47353
18 Toby 30921.47680 1097.38550
19 Carbon 30691.03620 1043.50872
20 foreverbell 30405.71995 980.45260
21 flydutchman 30298.98343 957.85537
22 woooking 29732.54665 846.36763
23 piscesdream 29549.96051 813.27256
24 jiangyy 29528.99737 809.55663
25 huangjizuo 29184.77237 750.91152
26 Neroldy 28033.31345 583.90701
27 javan 27944.89096 572.73613
28 frankhjwx 27712.19928 544.34955
29 Norman 27701.61984 543.09292
30 darke 26890.76233 454.92913
31 int9 26127.76335 385.08265
32 benpigchu 26110.62213 383.64335
33 Bobgy 25817.52905 0.00000
34 tenstep 25339.70969 0.00000
35 Benzhong 25192.53574 0.00000
36 Orpine 25143.07714 0.00000
37 陈喵喵214 24967.52444 0.00000
38 yangyue 24326.09452 0.00000
39 唐钰小宝 23614.12889 0.00000
40 moonancient 22960.36658 0.00000
41 cherudim 22823.75241 0.00000
42 比较傻的人 22706.38353 0.00000
43 zig_zag 22683.10231 0.00000
44 lcxit 22518.12831 0.00000
45 poore 22491.14172 0.00000
46 luosuiqian 22172.77180 0.00000
47 747929791 22119.22617 0.00000
48 JuliaFan 21677.50010 0.00000
49 yarinaosu 21458.78362 0.00000
50 Stilwell 21286.54594 0.00000
51 bladestone 21139.74348 0.00000
52 luoruixuan 20824.30771 0.00000
53 deemo 20146.61307 0.00000
54 s1451900 19640.52750 0.00000
55 cbmixx 18871.91832 0.00000
56 seeker 17798.68772 0.00000
57 34444444444 16302.14656 0.00000
58 hank 16178.65868 0.00000
59 happybin 15755.97075 0.00000
60 hzhz 15648.02577 0.00000
61 grtoverflow 15535.71780 0.00000
62 xiangup1 15266.36841 0.00000
63 HoneyCat 15099.96319 0.00000
64 HustYY 14786.73796 0.00000
65 suanrong 14756.97155 0.00000
66 梦境的守望者 14614.78498 0.00000
67 coder32167 14555.31366 0.00000
68 haohu 14274.94130 0.00000
69 antnsa 13915.91345 0.00000
70 唯Ta命L 13286.25270 0.00000
71 yefllower 12893.85267 0.00000
72 jcvb 12703.48084 0.00000
73 zimpha 12602.35226 0.00000
74 imdn 12494.10115 0.00000
75 cyvius96 12401.66865 0.00000
76 ddcamiu 12295.55303 0.00000
77 MTY_mty 12294.12286 0.00000
78 yoochun 12085.52263 0.00000
79 wsxhwyy 11806.47604 0.00000
80 天空之歌 11726.36722 0.00000
81 zsyzgu 11686.24312 0.00000
82 nikoseven 11641.30417 0.00000
83 equation314 11616.37263 0.00000
84 albus 11577.42710 0.00000
85 Jarvis 11565.50456 0.00000
86 lyf_hallelujah 11312.15518 0.00000
87 mjj999123 11248.82821 0.00000
88 wwwwodddd 11068.98715 0.00000
89 jugg1024 10826.56015 0.00000
90 大隐于市 10805.80129 0.00000
91 Neutrino 10033.50370 0.00000
92 stonebuddha 9484.96734 0.00000
93 cathayandy 9405.63812 0.00000
94 Redemption 9364.01501 0.00000
95 nobystander 9317.87773 0.00000
96 meelo 9292.54213 0.00000
97 rock_cloud 9252.67962 0.00000
98 Patrick 8979.17475 0.00000
99 clouds 8901.40588 0.00000
100 indestinee 8772.93119 0.00000
101 Eyelids 8749.25428 0.00000
102 Praesidio 8721.94594 0.00000
103 int2char 8687.94901 0.00000
104 23333333 8676.25254 0.00000
105 crazyboycjr 8031.78908 0.00000
106 insomnia 7431.60529 0.00000
107 jiry_2 6191.20087 0.00000
108 cyif 6073.78604 0.00000
109 aviczhl2 6072.71322 0.00000
110 applepi 6034.30765 0.00000
111 hehaodele 6020.59203 0.00000
112 Generall 6019.42289 0.00000
113 mynameisveryshort 5999.09118 0.00000
114 pku101 5987.57328 0.00000
115 kiki 5981.03111 0.00000
116 Maurya 5898.79562 0.00000
117 LiBertY 5896.19295 0.00000
118 hzh16 5808.12489 0.00000
119 XXDD 5793.91115 0.00000
120 zhanghy 5783.59799 0.00000
121 SkyDec 5738.19533 0.00000
122 sibala 5714.37866 0.00000
123 wwt17 5687.56989 0.00000
124 猛犸也钻地 5569.68761 0.00000
125 不得贪胜 5553.97830 0.00000
126 Seven 5536.89133 0.00000
127 Wumpus 5530.54399 0.00000
128 horsepas 5518.66966 0.00000
