1 墨雨萧轩 43340.7713096 16544.1401265
2 wjh720 42013.6948634 12380.4762156
3 nxy0520 40523.2394290 8939.8423624
4 gongty13 38592.2876602 5863.1381218
5 seter 38322.1070866 5527.0914105
6 quietshu 38046.9580867 5204.6530979
7 Ronudhead 35834.4668106 3209.8215731
8 magicdlf 35375.8622329 2903.8261990
9 Riatre 35196.0256837 2791.9559548
10 StormRaiser 34839.1262709 2582.5432535
11 lovevvcy 34754.2362567 2535.0914686
12 RsEnts 34669.1451121 2488.4022258
13 wuzhengkai 32830.2095300 1665.1406149
14 yshui 32784.2153888 1648.4933648
15 alantian 32465.9575890 1537.7735317
16 zhaoyang 31140.1682033 1151.0856562
17 gaoyb7 31125.7812792 1147.4735343
18 Toby 30921.4768006 1097.3855003
19 Carbon 30691.0361961 1043.5087217
20 foreverbell 30405.7199516 980.4526014
21 flydutchman 30298.9834282 957.8553682
22 woooking 29732.5466485 846.3676331
23 piscesdream 29549.9605079 813.2725643
24 jiangyy 29528.9973685 809.5566346
25 huangjizuo 29184.7723722 750.9115207
26 Neroldy 28033.3134495 583.9070149
27 javan 27944.8909594 572.7361259
28 frankhjwx 27712.1992812 544.3495545
29 Norman 27701.6198368 543.0929227
30 darke 26890.7623289 454.9291326
31 int9 26127.7633454 385.0826476
32 benpigchu 26110.6221304 383.6433461
33 Bobgy 25817.5290483 0.0000000
34 tenstep 25339.7096929 0.0000000
35 Benzhong 25192.5357380 0.0000000
36 Orpine 25143.0771366 0.0000000
37 陈喵喵214 24967.5244424 0.0000000
38 yangyue 24326.0945200 0.0000000
39 唐钰小宝 23614.1288876 0.0000000
40 moonancient 22960.3665818 0.0000000
41 cherudim 22823.7524068 0.0000000
42 比较傻的人 22706.3835262 0.0000000
43 zig_zag 22683.1023054 0.0000000
44 lcxit 22518.1283080 0.0000000
45 poore 22491.1417209 0.0000000
46 luosuiqian 22172.7717984 0.0000000
47 747929791 22119.2261745 0.0000000
48 JuliaFan 21677.5000973 0.0000000
49 yarinaosu 21458.7836172 0.0000000
50 Stilwell 21286.5459441 0.0000000
51 bladestone 21139.7434770 0.0000000
52 luoruixuan 20824.3077135 0.0000000
53 deemo 20146.6130692 0.0000000
54 s1451900 19640.5275002 0.0000000
55 cbmixx 18871.9183217 0.0000000
56 seeker 17798.6877187 0.0000000
57 34444444444 16302.1465588 0.0000000
58 hank 16178.6586773 0.0000000
59 happybin 15755.9707495 0.0000000
60 hzhz 15648.0257696 0.0000000
61 grtoverflow 15535.7178046 0.0000000
62 xiangup1 15266.3684061 0.0000000
63 HoneyCat 15099.9631906 0.0000000
64 HustYY 14786.7379624 0.0000000
65 suanrong 14756.9715491 0.0000000
66 梦境的守望者 14614.7849831 0.0000000
67 coder32167 14555.3136582 0.0000000
68 haohu 14274.9412991 0.0000000
69 antnsa 13915.9134526 0.0000000
70 唯Ta命L 13286.2526965 0.0000000
71 yefllower 12893.8526750 0.0000000
72 jcvb 12703.4808394 0.0000000
73 zimpha 12602.3522579 0.0000000
74 imdn 12494.1011456 0.0000000
75 cyvius96 12401.6686538 0.0000000
76 ddcamiu 12295.5530332 0.0000000
77 MTY_mty 12294.1228556 0.0000000
78 yoochun 12085.5226342 0.0000000
79 wsxhwyy 11806.4760395 0.0000000
80 天空之歌 11726.3672176 0.0000000
81 zsyzgu 11686.2431218 0.0000000
82 nikoseven 11641.3041714 0.0000000
83 equation314 11616.3726348 0.0000000
84 albus 11577.4271041 0.0000000
85 Jarvis 11565.5045588 0.0000000
86 lyf_hallelujah 11312.1551768 0.0000000
87 mjj999123 11248.8282106 0.0000000
88 wwwwodddd 11068.9871453 0.0000000
89 jugg1024 10826.5601463 0.0000000
90 大隐于市 10805.8012886 0.0000000
91 Neutrino 10033.5037026 0.0000000
92 stonebuddha 9484.9673352 0.0000000
93 cathayandy 9405.6381242 0.0000000
94 Redemption 9364.0150067 0.0000000
95 nobystander 9317.8777306 0.0000000
96 meelo 9292.5421305 0.0000000
97 rock_cloud 9252.6796240 0.0000000
98 Patrick 8979.1747496 0.0000000
99 clouds 8901.4058801 0.0000000
100 indestinee 8772.9311921 0.0000000
101 Eyelids 8749.2542823 0.0000000
102 Praesidio 8721.9459376 0.0000000
103 int2char 8687.9490053 0.0000000
104 23333333 8676.2525353 0.0000000
105 crazyboycjr 8031.7890764 0.0000000
106 insomnia 7431.6052854 0.0000000
107 jiry_2 6191.2008664 0.0000000
108 cyif 6073.7860411 0.0000000
109 aviczhl2 6072.7132153 0.0000000
110 applepi 6034.3076547 0.0000000
111 hehaodele 6020.5920257 0.0000000
112 Generall 6019.4228908 0.0000000
113 mynameisveryshort 5999.0911845 0.0000000
114 pku101 5987.5732800 0.0000000
115 kiki 5981.0311136 0.0000000
116 Maurya 5898.7956211 0.0000000
117 LiBertY 5896.1929452 0.0000000
118 hzh16 5808.1248930 0.0000000
119 XXDD 5793.9111464 0.0000000
120 zhanghy 5783.5979929 0.0000000
121 SkyDec 5738.1953296 0.0000000
122 sibala 5714.3786578 0.0000000
123 wwt17 5687.5698907 0.0000000
124 猛犸也钻地 5569.6876128 0.0000000
125 不得贪胜 5553.9782988 0.0000000
126 Seven 5536.8913331 0.0000000
127 Wumpus 5530.5439914 0.0000000
128 horsepas 5518.6696588 0.0000000
